*
16
111
1
88
63
0
2
*
88
63
0
107
129
2
5
*
107
129
2
16
111
1
6
*
88
63
0
230
64
3
4
*
230
64
3
232
132
4
3
*
232
132
4
107
129
2
1
*
232
132
4
353
64
5
5
*
353
64
5
374
134
6
2
*
374
134
6
414
224
7
3
*
414
224
7
404
297
10
4
*
404
297
10
281
288
9
2
*
281
288
9
414
224
7
1
*
414
224
7
294
212
8
5
*
294
212
8
232
132
4
4
*
294
212
8
135
206
11
1
*
135
206
11
281
288
9
6
*
135
206
11
163
278
13
4
*
135
206
11
62
260
12
2
*
62
260
12
163
278
13
9
*
19
15
30
88
63
0
4
*
129
10
29
19
15
30
8
*
129
10
29
290
14
28
5
*
290
14
28
230
64
3
6
*
230
64
3
129
10
29
8
*
129
10
29
88
63
0
3
*
290
14
28
353
64
5
2
*
290
14
28
461
54
14
11
*
545
67
16
461
54
14
7
*
461
54
14
484
134
15
18
*
484
134
15
545
67
16
34
*
484
134
15
353
64
5
21
*
484
134
15
489
214
17
7
*
489
214
17
374
134
6
8
*
374
134
6
232
132
4
4
*
232
132
4
135
206
11
2
*
107
129
2
135
206
11
1
*
107
129
2
62
176
26
6
*
62
176
26
135
206
11
9
*
62
176
26
6
227
27
3
*
6
227
27
62
260
12
5
*
62
260
12
27
327
25
7
*
6
227
27
27
327
25
3
*
27
327
25
163
278
13
8
*
163
278
13
103
353
24
6
*
103
353
24
27
327
25
4
*
163
278
13
281
288
9
3
*
163
278
13
218
351
23
3
*
218
351
23
103
353
24
8
*
218
351
23
281
288
9
11
*
281
288
9
312
372
22
23
*
312
372
22
218
351
23
12
*
404
297
10
312
372
22
45
*
404
297
10
425
367
21
45
*
425
367
21
312
372
22
56
*
404
297
10
480
309
19
34
*
480
309
19
414
224
7
25
*
414
224
7
489
214
17
56
*
489
214
17
541
265
18
32
*
541
265
18
480
309
19
21
*
480
309
19
546
375
20
45
*
546
375
20
425
367
21
78
*
480
309
19
425
367
21
32
*
545
67
16
541
265
18
78
*
16
111
1
6
227
27
21
*
19
15
30
16
111
1
78
*
541
265
18
546
375
20
90
*
374
134
6
294
212
8
7
*
88
63
0
232
132
4
2
*
294
212
8
281
288
9
9
*
374
134
6
484
134
15
2
