*
16
111
1
88
63
0
2
*
88
63
0
107
129
2
5
*
107
129
2
16
111
1
6
*
88
63
0
230
64
3
4
*
230
64
3
232
132
4
3
*
232
132
4
107
129
2
1
*
232
132
4
353
64
5
5
*
353
64
5
374
134
6
2
*
374
134
6
414
224
7
3
*
414
224
7
404
297
10
4
*
404
297
10
281
288
9
2
*
281
288
9
414
224
7
1
*
414
224
7
294
212
8
5
*
294
212
8
232
132
4
4
*
294
212
8
135
206
11
1
*
135
206
11
281
288
9
6
*
135
206
11
163
278
13
4
*
135
206
11
62
260
12
2
*
62
260
12
163
278
13
9
